-5.969026041820607276e+01
-5.843362335677014840e+01
-5.717698629533423116e+01
-5.592034923389832102e+01
-5.466371217246239667e+01
-5.340707511102648652e+01
-5.215043804959056928e+01
-5.089380098815464493e+01
-4.963716392671873479e+01
-4.838052686528281754e+01
-4.712388980384689319e+01
-4.586725274241097594e+01
-4.461061568097506580e+01
-4.335397861953914855e+01
-4.209734155810322420e+01
-4.084070449666730696e+01
-3.958406743523139681e+01
-3.832743037379547957e+01
-3.707079331235955522e+01
-3.581415625092363797e+01
-3.455751918948772783e+01
-3.330088212805181058e+01
-3.204424506661588623e+01
-3.078760800517996898e+01
-2.953097094374405884e+01
-2.827433388230813804e+01
-2.701769682087222080e+01
-2.576105975943630000e+01
-2.450442269800038630e+01
-2.324778563656446906e+01
-2.199114857512855181e+01
-2.073451151369263457e+01
-1.947787445225671732e+01
-1.822123739082080007e+01
-1.696460032938488283e+01
-1.570796326794896558e+01
-1.445132620651304833e+01
-1.319468914507713109e+01
-1.193805208364121384e+01
-1.068141502220529659e+01
-9.424777960769379348e+00
-8.168140899333462102e+00
-6.911503837897543967e+00
-5.654866776461627609e+00
-4.398229715025710362e+00
-3.141592653589793116e+00
-1.884955592153875870e+00
-6.283185307179586232e-01
6.283185307179586232e-01
1.884955592153875870e+00
3.141592653589793116e+00
4.398229715025710362e+00
5.654866776461627609e+00
6.911503837897543967e+00
8.168140899333462102e+00
9.424777960769379348e+00
1.068141502220529659e+01
1.193805208364121384e+01
1.319468914507713109e+01
1.445132620651304833e+01
1.570796326794896558e+01
1.696460032938488283e+01
1.822123739082080007e+01
1.947787445225671732e+01
2.073451151369263457e+01
2.199114857512855181e+01
2.324778563656446906e+01
2.450442269800038630e+01
2.576105975943630000e+01
2.701769682087222080e+01
2.827433388230813804e+01
2.953097094374405884e+01
3.078760800517996898e+01
3.204424506661588623e+01
3.330088212805181058e+01
3.455751918948772783e+01
3.581415625092363797e+01
3.707079331235955522e+01
3.832743037379547957e+01
3.958406743523139681e+01
4.084070449666730696e+01
4.209734155810322420e+01
4.335397861953914855e+01
4.461061568097506580e+01
4.586725274241097594e+01
4.712388980384689319e+01
4.838052686528281754e+01
4.963716392671873479e+01
5.089380098815464493e+01
5.215043804959056928e+01
5.340707511102648652e+01
5.466371217246239667e+01
5.592034923389832102e+01
5.717698629533423116e+01
5.843362335677014840e+01
5.969026041820607276e+01
