4.085002197317375017e-03
4.074762561553408810e-03
4.062686345956558788e-03
4.062286695898897557e-03
4.055029974971074286e-03
4.047947357665402160e-03
4.033516800582125778e-03
4.019964396854467693e-03
4.007962100306786644e-03
3.999248303399085755e-03
3.985648771409916469e-03
3.962213425305668307e-03
3.957672600613345269e-03
3.934427332975600107e-03
3.916114210700313153e-03
3.898676422608778058e-03
3.879333266364367195e-03
3.860761864479738542e-03
3.829966502376448353e-03
3.804429214563222889e-03
3.768774414382111432e-03
3.737636175303282651e-03
3.699007913545937932e-03
3.666637387797097754e-03
3.617102063338602236e-03
3.557750027243192659e-03
3.501890401222358847e-03
3.441653631030398754e-03
3.361342166328658981e-03
3.268372987470219600e-03
3.163708205517393787e-03
3.047510544107295046e-03
2.903230140409928609e-03
2.736796749702632113e-03
2.529851020706901099e-03
2.289771975235293903e-03
1.991787519872073413e-03
1.610428582006153461e-03
1.133192988872192995e-03
5.242376943740583491e-04
-2.801785457320338495e-04
-1.364408463908316823e-03
-2.835274896550776802e-03
-4.870073730221474370e-03
-7.709948632470844249e-03
-1.160521008795053696e-02
-1.662438881089999682e-02
-2.152413882896305614e-02
-2.152413882896307001e-02
-1.662438881090001069e-02
-1.160521008795051962e-02
-7.709948632470847718e-03
-4.870073730221476105e-03
-2.835274896550780705e-03
-1.364408463908315739e-03
-2.801785457320366685e-04
5.242376943740574818e-04
1.133192988872192344e-03
1.610428582006150425e-03
1.991787519872068642e-03
2.289771975235293903e-03
2.529851020706905870e-03
2.736796749702626909e-03
2.903230140409929043e-03
3.047510544107285071e-03
3.163708205517388582e-03
3.268372987470213528e-03
3.361342166328648573e-03
3.441653631030397453e-03
3.501890401222357979e-03
3.557750027243192226e-03
3.617102063338596164e-03
3.666637387797096453e-03
3.699007913545933161e-03
3.737636175303287421e-03
3.768774414382107529e-03
3.804429214563222455e-03
3.829966502376454425e-03
3.860761864479734205e-03
3.879333266364368496e-03
3.898676422608775890e-03
3.916114210700315755e-03
3.934427332975590566e-03
3.957672600613347871e-03
3.962213425305670042e-03
3.985648771409921673e-03
3.999248303399085755e-03
4.007962100306789247e-03
4.019964396854463357e-03
4.033516800582129247e-03
4.047947357665407364e-03
4.055029974971073418e-03
4.062286695898902761e-03
4.062686345956561390e-03
4.074762561553409677e-03
4.085002197317800024e-03
