4.455177614461636355e-03
4.466790946355679581e-03
4.473485082502129395e-03
4.479822922024351457e-03
4.482589052823796050e-03
4.498319714075629111e-03
4.508645114248211946e-03
4.523091227500499259e-03
4.537652551266966629e-03
4.550761339706978215e-03
4.566025682070217612e-03
4.594481023907744793e-03
4.605700351917028403e-03
4.630794295171093873e-03
4.652546310506420514e-03
4.674970329897449282e-03
4.703478328048652998e-03
4.736922611545930396e-03
4.773976751173639871e-03
4.814286573802049364e-03
4.853397347772893562e-03
4.892317443312862307e-03
4.946901257635799055e-03
5.000524155807505033e-03
5.063314367275932072e-03
5.133780985720211298e-03
5.214844445686875156e-03
5.302773905579693907e-03
5.410372264129863044e-03
5.541401006263668022e-03
5.677825272050551417e-03
5.840236277187245764e-03
6.042643731496004714e-03
6.268953903428798637e-03
6.558376681969530636e-03
6.897550310383585709e-03
7.329139799648609621e-03
7.860580454825110558e-03
8.546130523044499078e-03
9.432441970525964892e-03
1.061621203510918800e-02
1.222415834934292497e-02
1.443316628240691457e-02
1.753796105164787122e-02
2.189591822225609233e-02
2.790212494567871279e-02
3.552089249882640909e-02
4.301372551414189838e-02
4.301372551414185674e-02
3.552089249882640909e-02
2.790212494567870585e-02
2.189591822225608886e-02
1.753796105164787122e-02
1.443316628240691804e-02
1.222415834934292497e-02
1.061621203510918626e-02
9.432441970525961422e-03
8.546130523044497343e-03
7.860580454825108823e-03
7.329139799648603550e-03
6.897550310383587444e-03
6.558376681969533238e-03
6.268953903428796035e-03
6.042643731496012520e-03
5.840236277187249234e-03
5.677825272050552284e-03
5.541401006263674961e-03
5.410372264129858708e-03
5.302773905579695642e-03
5.214844445686876023e-03
5.133780985720211298e-03
5.063314367275926001e-03
5.000524155807509370e-03
4.946901257635796453e-03
4.892317443312865777e-03
4.853397347772896164e-03
4.814286573802050231e-03
4.773976751173638136e-03
4.736922611545926927e-03
4.703478328048655600e-03
4.674970329897450150e-03
4.652546310506432657e-03
4.630794295171088669e-03
4.605700351917025800e-03
4.594481023907741324e-03
4.566025682070221081e-03
4.550761339706986021e-03
4.537652551266967496e-03
4.523091227500495790e-03
4.508645114248211946e-03
4.498319714075639519e-03
4.482589052823801254e-03
4.479822922024365335e-03
4.473485082502146742e-03
4.466790946355716010e-03
4.455177614461689264e-03
