-1.488918777739289736e-03
-1.508077793414743439e-03
-1.505067846443159394e-03
-1.518409125741881395e-03
-1.524695886687327251e-03
-1.534495322694657974e-03
-1.535154722004798342e-03
-1.529308208426591147e-03
-1.539051290960666632e-03
-1.560628147568037319e-03
-1.554428802759768007e-03
-1.578954067560713352e-03
-1.588948301876383883e-03
-1.593925050723585431e-03
-1.615564378074611871e-03
-1.612460295981107917e-03
-1.625299594029413087e-03
-1.670107531749137012e-03
-1.676838748839828410e-03
-1.689820794967299969e-03
-1.722927442277379833e-03
-1.734930026422659612e-03
-1.773283833677337298e-03
-1.810954866600784658e-03
-1.829137706625991655e-03
-1.885721557933614815e-03
-1.915711305616289283e-03
-1.967222883995564924e-03
-2.040092073842246848e-03
-2.069744758244717979e-03
-2.157233237310244960e-03
-2.270274522614744092e-03
-2.357718232792558634e-03
-2.467903265578187937e-03
-2.614714186312048008e-03
-2.799505295616629141e-03
-3.015616173055949388e-03
-3.288199964767950755e-03
-3.639449298192141448e-03
-4.110304198779885301e-03
-4.703807325943434522e-03
-5.604743239377482818e-03
-6.931638649260900634e-03
-9.035780644191967331e-03
-1.256893616577685509e-02
-1.893170992431950431e-02
-3.091121134505910376e-02
-5.492708769212889530e-02
-5.492708769212890918e-02
-3.091121134505910376e-02
-1.893170992431954247e-02
-1.256893616577685335e-02
-9.035780644191962127e-03
-6.931638649260897164e-03
-5.604743239377468073e-03
-4.703807325943437992e-03
-4.110304198779882699e-03
-3.639449298192148387e-03
-3.288199964767949453e-03
-3.015616173055947653e-03
-2.799505295616636080e-03
-2.614714186312041937e-03
-2.467903265578191840e-03
-2.357718232792555164e-03
-2.270274522614747562e-03
-2.157233237310240623e-03
-2.069744758244720147e-03
-2.040092073842243378e-03
-1.967222883995557985e-03
-1.915711305616286247e-03
-1.885721557933610262e-03
-1.829137706625990571e-03
-1.810954866600779671e-03
-1.773283833677335129e-03
-1.734930026422644000e-03
-1.722927442277376797e-03
-1.689820794967293030e-03
-1.676838748839826025e-03
-1.670107531749128339e-03
-1.625299594029406148e-03
-1.612460295981095557e-03
-1.615564378074594958e-03
-1.593925050723569384e-03
-1.588948301876373474e-03
-1.578954067560695354e-03
-1.554428802759735264e-03
-1.560628147568000239e-03
-1.539051290960624565e-03
-1.529308208426547345e-03
-1.535154722004738277e-03
-1.534495322694584898e-03
-1.524695886687236178e-03
-1.518409125741752592e-03
-1.505067846442973995e-03
-1.508077793414421865e-03
-1.488918777738670440e-03
