-1.274329403171707217e-03
-1.264384842607515352e-03
-1.265917845350556349e-03
-1.264226157166501406e-03
-1.246284060959798688e-03
-1.238190424119019759e-03
-1.251264828591987753e-03
-1.231992143636191162e-03
-1.221002035125826404e-03
-1.219139271257880901e-03
-1.225837469834215824e-03
-1.195745237442391281e-03
-1.208372390163005294e-03
-1.197673221836539816e-03
-1.175004277070899102e-03
-1.173116243819190187e-03
-1.148791126092825986e-03
-1.132495783603073777e-03
-1.124045129908146255e-03
-1.114809418765027021e-03
-1.096229218495673591e-03
-1.082664723410176706e-03
-1.055248685800803683e-03
-1.021314079922413251e-03
-9.998286756430273346e-04
-9.706127980960736409e-04
-9.263373777486277926e-04
-8.927719510952239479e-04
-8.372171806925886219e-04
-7.926351989921570380e-04
-7.478055090531911340e-04
-6.639841171020814540e-04
-5.985338804273124865e-04
-5.122618723201714666e-04
-3.748625108813951343e-04
-2.389509335602880286e-04
-5.964618810411436806e-05
1.455205044280745625e-04
4.179524220535473021e-04
7.822914893776638894e-04
1.262426508059762750e-03
1.958957644703812791e-03
3.040423635998997821e-03
4.724182862447571206e-03
7.634392894477688360e-03
1.282824097508213253e-02
2.264179449622327756e-02
4.212528034988309578e-02
4.212528034988309578e-02
2.264179449622327756e-02
1.282824097508213426e-02
7.634392894477681421e-03
4.724182862447569471e-03
3.040423635998992184e-03
1.958957644703811056e-03
1.262426508059757979e-03
7.822914893776606367e-04
4.179524220535457300e-04
1.455205044280700360e-04
-5.964618810411566232e-05
-2.389509335602843965e-04
-3.748625108813879786e-04
-5.122618723201661541e-04
-5.985338804273137876e-04
-6.639841171020780929e-04
-7.478055090531851709e-04
-7.926351989921590980e-04
-8.372171806925912240e-04
-8.927719510952212374e-04
-9.263373777486241063e-04
-9.706127980960647505e-04
-9.998286756430249493e-04
-1.021314079922415420e-03
-1.055248685800807369e-03
-1.082664723410172803e-03
-1.096229218495672940e-03
-1.114809418765019648e-03
-1.124045129908145821e-03
-1.132495783603074428e-03
-1.148791126092822733e-03
-1.173116243819188453e-03
-1.175004277070894549e-03
-1.197673221836528107e-03
-1.208372390162999657e-03
-1.195745237442388028e-03
-1.225837469834213439e-03
-1.219139271257880250e-03
-1.221002035125820116e-03
-1.231992143636182488e-03
-1.251264828591974309e-03
-1.238190424119005664e-03
-1.246284060959777654e-03
-1.264226157166460857e-03
-1.265917845350517535e-03
-1.264384842607442928e-03
-1.274329403171427493e-03
