-2.487500000000000000e+01
-2.475000000000000000e+01
-2.462500000000000000e+01
-2.450000000000000000e+01
-2.437500000000000000e+01
-2.425000000000000000e+01
-2.412500000000000000e+01
-2.400000000000000000e+01
-2.387500000000000000e+01
-2.375000000000000000e+01
-2.362500000000000000e+01
-2.350000000000000000e+01
-2.337500000000000000e+01
-2.325000000000000000e+01
-2.312500000000000000e+01
-2.300000000000000000e+01
-2.287500000000000000e+01
-2.275000000000000000e+01
-2.262500000000000000e+01
-2.250000000000000000e+01
-2.237500000000000000e+01
-2.225000000000000000e+01
-2.212500000000000000e+01
-2.200000000000000000e+01
-2.187500000000000000e+01
-2.175000000000000000e+01
-2.162500000000000000e+01
-2.150000000000000000e+01
-2.137500000000000000e+01
-2.125000000000000000e+01
-2.112500000000000000e+01
-2.100000000000000000e+01
-2.087500000000000000e+01
-2.075000000000000000e+01
-2.062500000000000000e+01
-2.050000000000000000e+01
-2.037500000000000000e+01
-2.025000000000000000e+01
-2.012500000000000000e+01
-2.000000000000000000e+01
-1.987500000000000000e+01
-1.975000000000000000e+01
-1.962500000000000000e+01
-1.950000000000000000e+01
-1.937500000000000000e+01
-1.925000000000000000e+01
-1.912500000000000000e+01
-1.900000000000000000e+01
-1.887500000000000000e+01
-1.875000000000000000e+01
-1.862500000000000000e+01
-1.850000000000000000e+01
-1.837500000000000000e+01
-1.825000000000000000e+01
-1.812500000000000000e+01
-1.800000000000000000e+01
-1.787500000000000000e+01
-1.775000000000000000e+01
-1.762500000000000000e+01
-1.750000000000000000e+01
-1.737500000000000000e+01
-1.725000000000000000e+01
-1.712500000000000000e+01
-1.700000000000000000e+01
-1.687500000000000000e+01
-1.675000000000000000e+01
-1.662500000000000000e+01
-1.650000000000000000e+01
-1.637500000000000000e+01
-1.625000000000000000e+01
-1.612500000000000000e+01
-1.600000000000000000e+01
-1.587500000000000000e+01
-1.575000000000000000e+01
-1.562500000000000000e+01
-1.550000000000000000e+01
-1.537500000000000000e+01
-1.525000000000000000e+01
-1.512500000000000000e+01
-1.500000000000000000e+01
-1.487500000000000000e+01
-1.475000000000000000e+01
-1.462500000000000000e+01
-1.450000000000000000e+01
-1.437500000000000000e+01
-1.425000000000000000e+01
-1.412500000000000000e+01
-1.400000000000000000e+01
-1.387500000000000000e+01
-1.375000000000000000e+01
-1.362500000000000000e+01
-1.350000000000000000e+01
-1.337500000000000000e+01
-1.325000000000000000e+01
-1.312500000000000000e+01
-1.300000000000000000e+01
-1.287500000000000000e+01
-1.275000000000000000e+01
-1.262500000000000000e+01
-1.250000000000000000e+01
-1.237500000000000000e+01
-1.225000000000000000e+01
-1.212500000000000000e+01
-1.200000000000000000e+01
-1.187500000000000000e+01
-1.175000000000000000e+01
-1.162500000000000000e+01
-1.150000000000000000e+01
-1.137500000000000000e+01
-1.125000000000000000e+01
-1.112500000000000000e+01
-1.100000000000000000e+01
-1.087500000000000000e+01
-1.075000000000000000e+01
-1.062500000000000000e+01
-1.050000000000000000e+01
-1.037500000000000000e+01
-1.025000000000000000e+01
-1.012500000000000000e+01
-1.000000000000000000e+01
-9.875000000000000000e+00
-9.750000000000000000e+00
-9.625000000000000000e+00
-9.500000000000000000e+00
-9.375000000000000000e+00
-9.250000000000000000e+00
-9.125000000000000000e+00
-9.000000000000000000e+00
-8.875000000000000000e+00
-8.750000000000000000e+00
-8.625000000000000000e+00
-8.500000000000000000e+00
-8.375000000000000000e+00
-8.250000000000000000e+00
-8.125000000000000000e+00
-8.000000000000000000e+00
-7.875000000000000000e+00
-7.750000000000000000e+00
-7.625000000000000000e+00
-7.500000000000000000e+00
-7.375000000000000000e+00
-7.250000000000000000e+00
-7.125000000000000000e+00
-7.000000000000000000e+00
-6.875000000000000000e+00
-6.750000000000000000e+00
-6.625000000000000000e+00
-6.500000000000000000e+00
-6.375000000000000000e+00
-6.250000000000000000e+00
-6.125000000000000000e+00
-6.000000000000000000e+00
-5.875000000000000000e+00
-5.750000000000000000e+00
-5.625000000000000000e+00
-5.500000000000000000e+00
-5.375000000000000000e+00
-5.250000000000000000e+00
-5.125000000000000000e+00
-5.000000000000000000e+00
-4.875000000000000000e+00
-4.750000000000000000e+00
-4.625000000000000000e+00
-4.500000000000000000e+00
-4.375000000000000000e+00
-4.250000000000000000e+00
-4.125000000000000000e+00
-4.000000000000000000e+00
-3.875000000000000000e+00
-3.750000000000000000e+00
-3.625000000000000000e+00
-3.500000000000000000e+00
-3.375000000000000000e+00
-3.250000000000000000e+00
-3.125000000000000000e+00
-3.000000000000000000e+00
-2.875000000000000000e+00
-2.750000000000000000e+00
-2.625000000000000000e+00
-2.500000000000000000e+00
-2.375000000000000000e+00
-2.250000000000000000e+00
-2.125000000000000000e+00
-2.000000000000000000e+00
-1.875000000000000000e+00
-1.750000000000000000e+00
-1.625000000000000000e+00
-1.500000000000000000e+00
-1.375000000000000000e+00
-1.250000000000000000e+00
-1.125000000000000000e+00
-1.000000000000000000e+00
-8.750000000000000000e-01
-7.500000000000000000e-01
-6.250000000000000000e-01
-5.000000000000000000e-01
-3.750000000000000000e-01
-2.500000000000000000e-01
-1.250000000000000000e-01
0.000000000000000000e+00
1.250000000000000000e-01
2.500000000000000000e-01
3.750000000000000000e-01
5.000000000000000000e-01
6.250000000000000000e-01
7.500000000000000000e-01
8.750000000000000000e-01
1.000000000000000000e+00
1.125000000000000000e+00
1.250000000000000000e+00
1.375000000000000000e+00
1.500000000000000000e+00
1.625000000000000000e+00
1.750000000000000000e+00
1.875000000000000000e+00
2.000000000000000000e+00
2.125000000000000000e+00
2.250000000000000000e+00
2.375000000000000000e+00
2.500000000000000000e+00
2.625000000000000000e+00
2.750000000000000000e+00
2.875000000000000000e+00
3.000000000000000000e+00
3.125000000000000000e+00
3.250000000000000000e+00
3.375000000000000000e+00
3.500000000000000000e+00
3.625000000000000000e+00
3.750000000000000000e+00
3.875000000000000000e+00
4.000000000000000000e+00
4.125000000000000000e+00
4.250000000000000000e+00
4.375000000000000000e+00
4.500000000000000000e+00
4.625000000000000000e+00
4.750000000000000000e+00
4.875000000000000000e+00
5.000000000000000000e+00
5.125000000000000000e+00
5.250000000000000000e+00
5.375000000000000000e+00
5.500000000000000000e+00
5.625000000000000000e+00
5.750000000000000000e+00
5.875000000000000000e+00
6.000000000000000000e+00
6.125000000000000000e+00
6.250000000000000000e+00
6.375000000000000000e+00
6.500000000000000000e+00
6.625000000000000000e+00
6.750000000000000000e+00
6.875000000000000000e+00
7.000000000000000000e+00
7.125000000000000000e+00
7.250000000000000000e+00
7.375000000000000000e+00
7.500000000000000000e+00
7.625000000000000000e+00
7.750000000000000000e+00
7.875000000000000000e+00
8.000000000000000000e+00
8.125000000000000000e+00
8.250000000000000000e+00
8.375000000000000000e+00
8.500000000000000000e+00
8.625000000000000000e+00
8.750000000000000000e+00
8.875000000000000000e+00
9.000000000000000000e+00
9.125000000000000000e+00
9.250000000000000000e+00
9.375000000000000000e+00
9.500000000000000000e+00
9.625000000000000000e+00
9.750000000000000000e+00
9.875000000000000000e+00
1.000000000000000000e+01
1.012500000000000000e+01
1.025000000000000000e+01
1.037500000000000000e+01
1.050000000000000000e+01
1.062500000000000000e+01
1.075000000000000000e+01
1.087500000000000000e+01
1.100000000000000000e+01
1.112500000000000000e+01
1.125000000000000000e+01
1.137500000000000000e+01
1.150000000000000000e+01
1.162500000000000000e+01
1.175000000000000000e+01
1.187500000000000000e+01
1.200000000000000000e+01
1.212500000000000000e+01
1.225000000000000000e+01
1.237500000000000000e+01
1.250000000000000000e+01
1.262500000000000000e+01
1.275000000000000000e+01
1.287500000000000000e+01
1.300000000000000000e+01
1.312500000000000000e+01
1.325000000000000000e+01
1.337500000000000000e+01
1.350000000000000000e+01
1.362500000000000000e+01
1.375000000000000000e+01
1.387500000000000000e+01
1.400000000000000000e+01
1.412500000000000000e+01
1.425000000000000000e+01
1.437500000000000000e+01
1.450000000000000000e+01
1.462500000000000000e+01
1.475000000000000000e+01
1.487500000000000000e+01
1.500000000000000000e+01
1.512500000000000000e+01
1.525000000000000000e+01
1.537500000000000000e+01
1.550000000000000000e+01
1.562500000000000000e+01
1.575000000000000000e+01
1.587500000000000000e+01
1.600000000000000000e+01
1.612500000000000000e+01
1.625000000000000000e+01
1.637500000000000000e+01
1.650000000000000000e+01
1.662500000000000000e+01
1.675000000000000000e+01
1.687500000000000000e+01
1.700000000000000000e+01
1.712500000000000000e+01
1.725000000000000000e+01
1.737500000000000000e+01
1.750000000000000000e+01
1.762500000000000000e+01
1.775000000000000000e+01
1.787500000000000000e+01
1.800000000000000000e+01
1.812500000000000000e+01
1.825000000000000000e+01
1.837500000000000000e+01
1.850000000000000000e+01
1.862500000000000000e+01
1.875000000000000000e+01
1.887500000000000000e+01
1.900000000000000000e+01
1.912500000000000000e+01
1.925000000000000000e+01
1.937500000000000000e+01
1.950000000000000000e+01
1.962500000000000000e+01
1.975000000000000000e+01
1.987500000000000000e+01
2.000000000000000000e+01
2.012500000000000000e+01
2.025000000000000000e+01
2.037500000000000000e+01
2.050000000000000000e+01
2.062500000000000000e+01
2.075000000000000000e+01
2.087500000000000000e+01
2.100000000000000000e+01
2.112500000000000000e+01
2.125000000000000000e+01
2.137500000000000000e+01
2.150000000000000000e+01
2.162500000000000000e+01
2.175000000000000000e+01
2.187500000000000000e+01
2.200000000000000000e+01
2.212500000000000000e+01
2.225000000000000000e+01
2.237500000000000000e+01
2.250000000000000000e+01
2.262500000000000000e+01
2.275000000000000000e+01
2.287500000000000000e+01
2.300000000000000000e+01
2.312500000000000000e+01
2.325000000000000000e+01
2.337500000000000000e+01
2.350000000000000000e+01
2.362500000000000000e+01
2.375000000000000000e+01
2.387500000000000000e+01
2.400000000000000000e+01
2.412500000000000000e+01
2.425000000000000000e+01
2.437500000000000000e+01
2.450000000000000000e+01
2.462500000000000000e+01
2.475000000000000000e+01
2.487500000000000000e+01
